000000000000000000000000000000000
000000000000000000000000000000000
000000000000000000000000000000000
100000000000000000000000000000000
000011111110000010100011111110000
000010000010101001011010000010000
000010111010000100000010111010000
000010111010111111011010111010000
000010111010010111001010111010000
000010000010110001111010000010000
000011111110101010101011111110000
000000000000011010011000000000000
000011111011110011110101010100000
000010011101101101001101000100000
000001101010001000111001010110000
000011000100000110100111100010000
000001001010111011111110101110000
000010011001100100001001010100000
000010101011101011010011110110000
000010100100110100100101100010000
000010000010011111111111101000000
000000000000111110001000110000000
000011111110100011101010101110000
000010000010011000101000110110000
000010111010101111111111101100000
000010111010110101000110111110000
000010111010110010000000011010000
000010000010101000101101110010000
000011111110111111100101111110000
000000000000000000000000000000000
000000000000000000000000000000000
000000000000000000000000000000000
000000000000000000000000000000000